0	-65
3.43226e-05	-65
0.34326	-65
1	-65
1	-65
1.00007	-65
1.00014	-65
1.00034	-65
1.00053	-65
1.00073	-65
1.00092	-65
1.00132	-64.9999
1.00206	-64.9998
1.00394	-64.9992
1.00582	-64.9983
1.00771	-64.997
1.00959	-64.9954
1.01148	-64.9935
1.01354	-64.991
1.01561	-64.988
1.01767	-64.9847
1.0212	-64.9782
1.02472	-64.9706
1.02824	-64.962
1.03176	-64.9523
1.03767	-64.9339
1.04357	-64.9129
1.04947	-64.8892
1.05537	-64.8632
1.06128	-64.8349
1.06718	-64.8044
1.07308	-64.7718
1.07898	-64.7373
1.08489	-64.7009
1.09452	-64.6378
1.10114	-64.5919
1.10776	-64.5441
1.11438	-64.4946
1.121	-64.4434
1.12762	-64.3908
1.14053	-64.2842
1.15344	-64.1731
1.16635	-64.0583
1.17926	-63.9406
1.19217	-63.8207
1.20508	-63.6992
1.21799	-63.5768
1.2309	-63.4542
1.24381	-63.332
1.25672	-63.2107
1.26963	-63.0911
1.28254	-62.9738
1.29545	-62.8593
1.30836	-62.7482
1.32127	-62.6413
1.33418	-62.5392
1.34709	-62.4425
1.37001	-62.2864
1.39294	-62.1538
1.41586	-62.049
1.43077	-61.9982
1.44568	-61.9626
1.46059	-61.9438
1.4755	-61.9435
1.48642	-61.9559
1.49733	-61.9798
1.50825	-62.0159
1.51916	-62.0649
1.53008	-62.1276
1.54099	-62.2047
1.55191	-62.2969
1.56282	-62.4049
1.57373	-62.5293
1.58465	-62.6709
1.59556	-62.83
1.60648	-63.007
1.61739	-63.2022
1.62831	-63.4156
1.6359	-63.5746
1.6435	-63.7423
1.65109	-63.9183
1.65868	-64.1023
1.66628	-64.294
1.67387	-64.493
1.68147	-64.6986
1.68906	-64.9102
1.69665	-65.1272
1.70425	-65.3487
1.71184	-65.5739
1.71944	-65.8017
1.72703	-66.0312
1.73462	-66.2614
1.74222	-66.4912
1.74981	-66.7195
1.75741	-66.9453
1.765	-67.1674
1.77259	-67.3849
1.78019	-67.5969
1.78778	-67.8024
1.79537	-68.0006
1.80297	-68.1909
1.81056	-68.3725
1.81816	-68.545
1.82575	-68.7079
1.83334	-68.8609
1.84094	-69.0037
1.84853	-69.1362
1.85613	-69.2584
1.86372	-69.3701
1.87131	-69.4715
1.87891	-69.5626
1.8865	-69.6437
1.8941	-69.715
1.90169	-69.7766
1.90928	-69.8289
1.91688	-69.8722
1.92447	-69.9068
1.93206	-69.9329
1.94597	-69.9602
1.95597	-69.9642
1.96597	-69.9561
1.97597	-69.9366
1.98597	-69.9064
1.99597	-69.8664
2.00597	-69.817
2.01597	-69.7591
2.02598	-69.6933
2.03598	-69.6202
2.04598	-69.5403
2.05598	-69.4541
2.06598	-69.3624
2.07598	-69.2654
2.08598	-69.1637
2.09598	-69.0578
2.10598	-68.9481
2.11598	-68.8349
2.12598	-68.7187
2.13598	-68.5999
2.15101	-68.417
2.16604	-68.2301
2.18107	-68.0402
2.1961	-67.8483
2.21113	-67.6555
2.22616	-67.4627
2.24119	-67.2708
2.25622	-67.0808
2.27125	-66.8935
2.28628	-66.7099
2.30132	-66.5309
2.31635	-66.3573
2.33138	-66.1903
2.34641	-66.0307
2.36144	-65.8796
2.38577	-65.6558
2.4101	-65.462
2.42603	-65.354
2.44196	-65.2628
2.45789	-65.1901
2.47382	-65.138
2.48498	-65.1146
2.49615	-65.103
2.50731	-65.1039
2.51848	-65.118
2.52964	-65.1461
2.54081	-65.1889
2.55197	-65.2472
2.56314	-65.3217
2.5743	-65.4131
2.58547	-65.522
2.59663	-65.649
2.6078	-65.7944
2.61896	-65.9584
2.62723	-66.0919
2.6355	-66.2356
2.64377	-66.3893
2.65204	-66.5527
2.66031	-66.7255
2.66858	-66.9071
2.67685	-67.0971
2.68512	-67.2946
2.6934	-67.4988
2.70167	-67.7089
2.70994	-67.9237
2.71821	-68.1422
2.72648	-68.363
2.73475	-68.5849
2.74302	-68.8065
2.74898	-68.9655
2.75495	-69.1231
2.76092	-69.279
2.76688	-69.4325
2.77285	-69.5832
2.77882	-69.7307
2.78478	-69.8746
2.79075	-70.0145
2.79671	-70.15
2.80268	-70.2807
2.80865	-70.4064
2.81815	-70.5958
2.82765	-70.7709
2.83422	-70.8833
2.84079	-70.9884
2.84736	-71.0863
2.85393	-71.1767
2.86051	-71.2597
2.86708	-71.3353
2.87365	-71.4035
2.88022	-71.4645
2.88679	-71.5183
2.89336	-71.5651
2.89993	-71.605
2.9065	-71.6382
2.91307	-71.6648
2.91964	-71.6851
2.92621	-71.6993
2.9376	-71.7098
2.94899	-71.7036
2.96038	-71.6816
2.97177	-71.6451
2.98316	-71.5949
2.99455	-71.5322
3.00594	-71.458
3.01733	-71.3732
3.02872	-71.2787
3.04011	-71.1754
3.0515	-71.064
3.06289	-70.9454
3.07428	-70.8203
3.08567	-70.6892
3.09706	-70.553
3.10845	-70.4122
3.11984	-70.2674
3.13123	-70.119
3.14883	-69.8843
3.16643	-69.6442
3.18403	-69.4006
3.20162	-69.1551
3.21922	-68.9091
3.23682	-68.6641
3.25442	-68.4216
3.27202	-68.1831
3.28961	-67.9498
3.30721	-67.7233
3.32481	-67.5051
3.34241	-67.2966
3.36	-67.0995
3.3776	-66.9154
3.3952	-66.7463
3.4128	-66.5939
3.42472	-66.5012
3.43665	-66.4178
3.44858	-66.3445
3.46051	-66.282
3.46881	-66.2452
3.47711	-66.2144
3.48541	-66.1898
3.49371	-66.1716
3.50201	-66.1601
3.51031	-66.1558
3.51861	-66.1588
3.52691	-66.1695
3.53521	-66.1881
3.54351	-66.2151
3.55181	-66.2507
3.55753	-66.2803
3.56325	-66.3143
3.56896	-66.3527
3.57762	-66.4194
3.58628	-66.4967
3.59495	-66.5848
3.60361	-66.6838
3.61227	-66.794
3.62093	-66.9154
3.62959	-67.0478
3.63826	-67.1914
3.64692	-67.3457
3.65558	-67.5105
3.66424	-67.6853
3.6729	-67.8695
3.68157	-68.0624
3.69023	-68.2631
3.69889	-68.4705
3.70755	-68.6836
3.71621	-68.9011
3.72487	-69.1215
3.73354	-69.3435
3.73988	-69.5063
3.74623	-69.6684
3.75	-69.7643
3.75	-69.7643
3.75044	-69.7756
3.75089	-69.7868
3.7521	-69.8175
3.75332	-69.8482
3.75453	-69.8789
3.75574	-69.9095
3.75822	-69.9719
3.76295	-70.0904
3.77171	-70.3087
3.78046	-70.525
3.78922	-70.7394
3.79798	-70.952
3.80674	-71.1627
3.82003	-71.4789
3.83332	-71.791
3.84661	-72.0989
3.8599	-72.4028
3.89346	-73.1524
3.92702	-73.8772
3.96058	-74.5782
3.99414	-75.256
4.02769	-75.9114
4.06125	-76.5452
4.09481	-77.1581
4.14915	-78.1078
4.20349	-79.0074
4.25782	-79.8593
4.31216	-80.6662
4.3665	-81.4305
4.42083	-82.1543
4.47517	-82.8398
4.52951	-83.4891
4.58384	-84.104
4.69769	-85.289
4.77856	-86.0525
4.85943	-86.7566
4.94029	-87.4061
5	-87.853
5	-87.853
