0	-65
3.43226e-05	-65
0.34326	-65
1	-65
1	-65
1.00007	-64.9854
1.00014	-64.9709
1.00034	-64.9312
1.00053	-64.8915
1.00073	-64.8519
1.00092	-64.8123
1.00132	-64.732
1.00206	-64.5828
1.00394	-64.2059
1.00582	-63.8339
1.00771	-63.4666
1.00959	-63.1041
1.01148	-62.7463
1.01354	-62.3594
1.01561	-61.978
1.01767	-61.6022
1.0212	-60.9737
1.02472	-60.3608
1.02824	-59.7633
1.03176	-59.181
1.03767	-58.2386
1.04357	-57.3367
1.04947	-56.4741
1.05537	-55.6498
1.06128	-54.8627
1.06718	-54.1115
1.07308	-53.3953
1.07898	-52.7131
1.08489	-52.0638
1.09452	-51.0729
1.10114	-50.439
1.10776	-49.8425
1.11438	-49.2821
1.121	-48.7569
1.12762	-48.2659
1.14053	-47.4031
1.15344	-46.6603
1.16635	-46.032
1.17926	-45.5136
1.19217	-45.101
1.20508	-44.7912
1.21799	-44.5816
1.2309	-44.4705
1.24381	-44.4566
1.25672	-44.5394
1.26963	-44.7192
1.28254	-44.9966
1.29545	-45.3731
1.30836	-45.8506
1.32127	-46.4319
1.33418	-47.1203
1.34709	-47.9196
1.37001	-49.6269
1.39294	-51.7299
1.41586	-54.2655
1.43077	-56.1674
1.44568	-58.2832
1.46059	-60.6265
1.4755	-63.2105
1.48642	-65.2622
1.49733	-67.4544
1.50825	-69.791
1.51916	-72.275
1.53008	-74.9078
1.54099	-77.6894
1.55191	-80.617
1.56282	-83.6851
1.57373	-86.8846
1.58465	-90.2017
1.59556	-93.6175
1.60648	-97.107
1.61739	-100.638
1.62831	-104.173
1.6359	-106.609
1.6435	-109.006
1.65109	-111.345
1.65868	-113.604
1.66628	-115.761
1.67387	-117.794
1.68147	-119.678
1.68906	-121.389
1.69665	-122.906
1.70425	-124.206
1.71184	-125.269
1.71944	-126.079
1.72703	-126.621
1.73462	-126.885
1.74222	-126.866
1.74981	-126.561
1.75741	-125.973
1.765	-125.11
1.77259	-123.983
1.78019	-122.607
1.78778	-121.002
1.79537	-119.187
1.80297	-117.188
1.81056	-115.027
1.81816	-112.73
1.82575	-110.322
1.83334	-107.828
1.84094	-105.271
1.84853	-102.672
1.85613	-100.052
1.86372	-97.429
1.87131	-94.8196
1.87891	-92.2378
1.8865	-89.696
1.8941	-87.2044
1.90169	-84.7717
1.90928	-82.4048
1.91688	-80.1091
1.92447	-77.8888
1.93206	-75.7467
1.94597	-72.0328
1.95597	-69.5309
1.96597	-67.1697
1.97597	-64.9471
1.98597	-62.8598
1.99597	-60.9038
2.00597	-59.0743
2.01597	-57.3665
2.02598	-55.7752
2.03598	-54.2953
2.04598	-52.9215
2.05598	-51.649
2.06598	-50.4728
2.07598	-49.3885
2.08598	-48.3916
2.09598	-47.4782
2.10598	-46.6443
2.11598	-45.8866
2.12598	-45.2017
2.13598	-44.5869
2.15101	-43.7886
2.16604	-43.1344
2.18107	-42.618
2.1961	-42.2338
2.21113	-41.978
2.22616	-41.8475
2.24119	-41.8406
2.25622	-41.9566
2.27125	-42.196
2.28628	-42.5603
2.30132	-43.052
2.31635	-43.675
2.33138	-44.4339
2.34641	-45.3347
2.36144	-46.3845
2.38577	-48.4211
2.4101	-50.9113
2.42603	-52.8103
2.44196	-54.9396
2.45789	-57.315
2.47382	-59.9525
2.48498	-61.9659
2.49615	-64.1206
2.50731	-66.421
2.51848	-68.8704
2.52964	-71.4706
2.54081	-74.2219
2.55197	-77.1217
2.56314	-80.1646
2.5743	-83.3413
2.58547	-86.6377
2.59663	-90.034
2.6078	-93.5043
2.61896	-97.0152
2.62723	-99.6182
2.6355	-102.201
2.64377	-104.743
2.65204	-107.218
2.66031	-109.602
2.66858	-111.865
2.67685	-113.978
2.68512	-115.913
2.6934	-117.639
2.70167	-119.13
2.70994	-120.358
2.71821	-121.303
2.72648	-121.944
2.73475	-122.268
2.74302	-122.269
2.74898	-122.066
2.75495	-121.694
2.76092	-121.156
2.76688	-120.457
2.77285	-119.602
2.77882	-118.599
2.78478	-117.456
2.79075	-116.183
2.79671	-114.79
2.80268	-113.288
2.80865	-111.689
2.81815	-108.969
2.82765	-106.08
2.83422	-104.006
2.84079	-101.888
2.84736	-99.7381
2.85393	-97.5698
2.86051	-95.3946
2.86708	-93.2232
2.87365	-91.0651
2.88022	-88.9289
2.88679	-86.8219
2.89336	-84.7507
2.89993	-82.7205
2.9065	-80.7361
2.91307	-78.8011
2.91964	-76.9184
2.92621	-75.0904
2.9376	-72.0559
2.94899	-69.1957
2.96038	-66.5111
2.97177	-64.0005
2.98316	-61.6604
2.99455	-59.4853
3.00594	-57.469
3.01733	-55.6046
3.02872	-53.8849
3.04011	-52.3027
3.0515	-50.8507
3.06289	-49.5221
3.07428	-48.3102
3.08567	-47.2089
3.09706	-46.2123
3.10845	-45.3152
3.11984	-44.5126
3.13123	-43.8003
3.14883	-42.8678
3.16643	-42.1287
3.18403	-41.5728
3.20162	-41.1923
3.21922	-40.9815
3.23682	-40.9369
3.25442	-41.057
3.27202	-41.3424
3.28961	-41.7956
3.30721	-42.4211
3.32481	-43.2254
3.34241	-44.2171
3.36	-45.4069
3.3776	-46.8076
3.3952	-48.4343
3.4128	-50.3037
3.42472	-51.7184
3.43665	-53.2597
3.44858	-54.9341
3.46051	-56.7483
3.46881	-58.097
3.47711	-59.5189
3.48541	-61.0162
3.49371	-62.5909
3.50201	-64.2446
3.51031	-65.979
3.51861	-67.7952
3.52691	-69.694
3.53521	-71.6755
3.54351	-73.7391
3.55181	-75.8836
3.55753	-77.4061
3.56325	-78.9647
3.56896	-80.5581
3.57762	-83.0354
3.58628	-85.5812
3.59495	-88.186
3.60361	-90.838
3.61227	-93.5228
3.62093	-96.2233
3.62959	-98.9193
3.63826	-101.588
3.64692	-104.204
3.65558	-106.738
3.66424	-109.16
3.6729	-111.438
3.68157	-113.538
3.69023	-115.427
3.69889	-117.072
3.70755	-118.443
3.71621	-119.513
3.72487	-120.26
3.73354	-120.666
3.73988	-120.742
3.74623	-120.627
3.75	-120.47
3.75	-120.47
3.75044	-120.458
3.75089	-120.447
3.7521	-120.416
3.75332	-120.386
3.75453	-120.355
3.75574	-120.324
3.75822	-120.262
3.76295	-120.143
3.77171	-119.925
3.78046	-119.709
3.78922	-119.495
3.79798	-119.282
3.80674	-119.071
3.82003	-118.755
3.83332	-118.443
3.84661	-118.135
3.8599	-117.831
3.89346	-117.082
3.92702	-116.357
3.96058	-115.656
3.99414	-114.978
4.02769	-114.323
4.06125	-113.689
4.09481	-113.076
4.14915	-112.126
4.20349	-111.227
4.25782	-110.375
4.31216	-109.568
4.3665	-108.803
4.42083	-108.08
4.47517	-107.394
4.52951	-106.745
4.58384	-106.13
4.69769	-104.945
4.77856	-104.181
4.85943	-103.477
4.94029	-102.828
5	-102.381
5	-102.381
